 

Orat. 26, 89

— 26, 90
*———- 29, 102
³¹⁵-— 29, 104
*—— 30, 104

——— 30, 106
*-—- 32, 113

—- 32, 115

-- 33, 118

—-— 34, 120
*——— 36, 123

—-— 36, 125

—— 36, 126
³⁸⁵— 37, 129
*—— 38, 132
*— 39, 134 f.
³⁸*— 41, 142

— 44, 149
³⁸⁵— 44, 151
*-—— 45, 152

— 48, 159

— 49, 165
*-——— 50, 168
*—- 52, 174
³¹⁶— 53, 177
³*— 54, 181 f.

—-—- 56, 186
*—-- 57, 191

— 57, 192

— 58, 198
*—--— 63, 212 ff.

— 68, 229
*— 70, 232 f.

-—— 70, 233
*—— 71, 236

· Top. 5, 28
⁴⁸⁵— 22, 83
— 24, 91

Orat. Part. 5, 15
(13 opt. gen. 1, 1

*-— 2, 5

*-— 3, 8

³1⁵-— 4, 10
-- 4, 12

——5, 13
—6, 17

INDEX LOCORUM.

31 5.

19 16

117 617
1412

5 23

22 23

6 22
32 22
20 3
18 19
18 21
31 24
30 2
32 22
10. 36
31 33
30 27
31 2ο
31 24
22 12

9 13
18 11
22 13
40 12
22 24
21 17
18 8

171⁰„

19 21
22 13
22 13
22 13
22 13
33 3
22 13
35 22
31 24
22 25
28 5
22 13
21 18
22 13
19 23
20 17
31 7

9 6
10 15
22 24
23 14
12 23
30 26
21 9
34 2ο

*(13 opt. gen. 7, 22
Acad. Post. (Ι) 4,
—— 4, 14

*—- 5, 19
—- 5, 21
— 7, 27
— 9, 33
—— 9, 35
— 12, 46

Acad. Pr. (II) 10,

— 11, 35
——- 17, 55
—- 18, 56
*—— 20, 64
—— 23, 72
— 25, 80
——— 32, 103
³⁸⁵— 35, 112
*— 36, 115
45, 138
Parad. Prooem. 5
III 1, 22

 

 

de div. I 28, 59
— I 31, 66
—— Ι 49, 110
— II 3, 8
—- II 10, 26
—— II 51, 105
-— II 52, 118
—- ΙΙ 68, 141
—— II 70, 144
-— 11 72, 150
de fato 6, 12
—— 6, 20
(13 fin. I 4, 11
—- I 13, 43
—- I 13, 44
— I 20, 69
— II 1, 3
-— II 4, 11
—— II 12, 38
*—— II 13, 42
*—— ΙΙ 16, 51
— II 23, 76
— ΙΙ 24, 77
*—- II 28, 92
—— III 11, 39

13

397

39 21
21 8

315 41

30

18 19 32 18

24 10

30 16
5 23
19 2ο
32 27
36 17
19 2ο
40 10
6 2ο
40 3
13 12
6 22
5 1ο
9 13
17 17
39 6
30 15
32 2ο
9 15
28 24
39 14
14 1
31 32
37 22
25 8
25 5
18 16
18 12
4 3

25 19
34 12
4 8

32 2ο
24 4
24 2
7 8
25 3 ‚
25 5
31 29
28 3
17 27
31 29
29 8

