INDEX LOCORUM. 417

 

V 7, 36 29 7 VI 4, 14 34 25
V 10, 1 ff. 19 14 *171 4, 19 34 12
V 10, 1 31 12 *1711 2, 4 38 15
*V 10, 9 2 3 1711 2, 24 2 8
V 10, 35 19 14 *VII 2, 26 38 15
V 10, 43 2 6 1711 2, 42 2 27 37 28
V 10, 57 33 19 *1711 3, 7 35 18
*17 10, 190 f. 19 14 *1711 4, 21 35 18
*V 10, 115 7 4 VII 4, 31 29 8
V 10, 121 36 26 *VII 7, 2 35 18
V 11, 6 ’ 21 4 *VII 7, 5 35 18
V 12, 13 911 VII 7, 15 6 22 ,
V 12, 14 31 2ο *1711 8, 3 35 18. 19
*V 12, 17 ff. 6 24 35 17 *1711 8, 4 35 19
V 13, 2 34 7 1711 9, 2 31 12
*V 13, 3 34 30 *VII 10, 12 19 11
V 13, 11 34 7 vn 41, 40 · 312
*V 13, 48 8 1 17111 prooem. 2 14 18
VI prooem. 10 3 12 VIII prooem. 6 35 12
171 prooem. 13 2 8 *VIII prooem. 13 r 1 5
171 1, 1 39 12 17111 prooem. 18 ff. 21 4
VI 1, 9 34 16 VIII prooem. 29 39 9
VI 1, 14 40 12 “ *vm 2, 2 26 18
*VI 1, 35 41 17 VIII 2, 4 18 15
*VI 1, 43 26 18 Vm 2, 7 5 9
*171 2, 1-29 6 17 VIII 2, 11 5 12
171 2, 11 29 8 17111 3, 6 26 17 30 25
171 2, 19 30 26 VIII 3, 7 21 13
171 2, 25 28 12 17111 3, 22 8 2
*VI 2, 26 6 17 VIII 3, 27 18 7
VI 2, 36 6 17 VIII 3, 29 18 8
*VI 3, 4 23 1 *VIII 3, 52 19 8
171 3, 17 9 3ο VIII 3, 57 34 10
VI 3, 21 29 8 VIII 3, 61 20 7
171 3, 38 7 17 VIII 3, 83 31 12
VI 3, 41 29 8 vlu 3, 85 6 10
*171 3, 42 - 13 10 17111 3, 86 22 5
¹ VI 3, 52 17 23 17111 3, 89 26 18
> *VI 3, 55 23 4 *VIII 4, 32 22 13
VI 3, 67 8 3 *vm 5, 1 20 16
*VI 3, 76 20 1 *VIII 5, 2 22 13
*VI 3, 78 26 18 vm 5, 8 10 32
ξι, VI 3, 79 26 18 *vm 5, 13 22 13
5 VI 3, 93 34 7 *vm 5, 15 14 23
ἕξ V1 3, 112 9 19 vm 5, 28 2ο ⁶
*VI 4 34 5 vm 5, 32 38 «ι

171 4, 1 33 2 17111 5, 33 8 9 16 16

 

