402 INDEX LOCORUM.

 

 

in verr. 11 7, 19 7 ιο ad Λα. 1 19, 3 9 13
-1116,41 356 ——115,1 637
--- II 21, 52 23 2 *—-— ΙΙ 20, 6 30 15
—- 11 25, 61 23 3 * 1v 15, 4 34 33
-— 11 27, 65 35 6 *”—-; IV 15, 3 21 3
*—- 11 35, 37 10 3 * 1v 16, 5 21 3 34 33
— 11 39, 96 19 11 — 1v 16, 14 19 16
—— 11 75, 135 34 31 — 1v 17, 3 22 3ο
— 11 76, 137 20 3 —- VI 1, 7 40 13
-- 11 73, 192 39 8 -- v1 1, 12 13 9 38 7
— 11 3, 1, 3 40 10 *—- v1 3, 10 37 11
-—- 11 24, 59 10 1 -- vn 2, 5 , 10 1
—- 11 41, 96 23 3 — v11 15, 1 36 30
— 11 41, 98 23 3 — vn 19 9 16
-11 42, 99 233 *— IX 6,6, 213
—1146,111 17 -Χ 11,3 283
— 11 52, 122 41 6 -- x1 6, 6 31 33
-— 11 69, 161 33 16 — ΧΠ 23, 2 21 s
— 11 73, 131 28 16 — XII 23, 3 29 3
— 11 4, 9, 21 5 3 -- x111 82, 8 21 3
— 11 11, 26 82 14 ³⁸⁶— XIV 1, 2 21 36 25 33
,-- 11 17, 33 23 3 *—- xv 11³, 2 21 36
— 11 23, 52 17 37 —- xv 13, 3 9 15 .
37- 11 24, 53 23 4 ——- XV 14, 3 13 18 ξ
— 11 25, 56 26 34 —- XVI 3, 2 17 33 j
— II 27, 62 34 21 ad Quint. frat. Ι 1, 6, 19 32 13 4
-11 37, 30 936 —13,25 3437
*— 11 43, 95 23 1 ——- 1 12, 37 32 13
— 11, 44, 93 23 3 *— 11 3, 6 39 31
— 11 49, 107 3 7 *— 11 16, 3 21 6
— 11 49, 109 23 3 -— 111 3, 3 39 33
—— 11 50, 111 23 3 *[ac1 Brun] 1 15, 1 21 33
— 11 52, 115 23 3 ad fam. 1 9, 15 10 13
--- II 52, 117 30 23 -— Ι 9, 16 8 11
— 11 56, 124 23 3 *-— 1 9, 23 5 13 11 13 17 37
-— 11 57, 125 23 3 ’ — 111 10, 1 9 11
— 11 57, 126 23 3 *—- 111 11, 2 40 5
— 11 59, 132 23 3 -- IV 6, 1 35 3
-— 11 66, 143 26 3ο -— 1v 3, 1 1 17
-, 11 5, 9, 22 23 3 — 1v 12, 2 13 24
—11 10, 24 856 -v2,2 2537
-— 11 53, 150 23 3 — v 6, 2 28 13
—- 11 60, 157 36 36 -- v 12, 5 . 8 13
— 11 63, 173 23 3 - v 13, 3 39 6
ad Λα. 1 16, 2 28 5 —- vn 9, 1 6 2⁷,
—1 16,4 99 *—-v1132,1 231

*-—116,8 345 ——vn33,2 343

 

