 

*[Hep2 παιδ. ἀγωγῆς] 9

* 13

 

*[1³1acita] v 30, 6

Polybius
111 86, 7

*VI 3, 7

*VI 45 ff.

Pomponius Mela.

III 52

Priscianus

G. L. praef.

Probus
*11 4, 5

Propertius
I 3, 19
I 10, 3
II 7, 7
II 34, 41
*111 16, 17
IV 1, 1
IV 16, 11
*V 1, 119
V 1, 134
V 8, 13
V 9, 24
V 11, 36

Quintilianus

Epist. ad Tryph. 1

Prooem. 4

— 15

— 17
*——- 20

—— 23

-——- 24
*1 1, 2
*I 1, 6
*1 1, 8

1 1, 24
*1 1, 103

Ι 2, 1

I 2, 4
*Ι 2, 6
*1 2, 9

I 2, 10

INDEX LOCORUM.

23 16 37 38
28 2ο
17 10.17

8 12
41 15
40 14

25 23

1019

232

11 1
61.11
3 9
1014
13 19
9 31 1319
1014
3 21
13 2ο
13 19
9 :31
3814

312

30 5

35 6

912

10 2ο

34 7

214

29 4

28 21

28 6 3515
29 7

23 3

2813 35 7
9 30 35 7
28 6 29 5
3914

8 3

1 2,16
1 2, 16
1 2, 18
1 2, 25
1 2, 29
1 3, 3
*1 3, 8

1 4, 1
*1 4, 5

1 4, 24
1 5, 11
1 5, 39
1 5, 72
1 6, 1

1 6, 13
1 6, 39
1 7, 6
1 7, 35
1 8, 5

1 8, 8 Ι
*1 8, 10
*1 8, 12
1 8, 15
1 9, 1

1 9,2 ⁷
*1 10

*1 10, 1
*1 10, 8
*1 10, 9
1 10, 36
1 11, 2
1 12, 2
1 12, 7
*1 12, 18
*11 1, 2
*11 1, 3
11 1, 4
*11 2, 8

*11 2, 9 ff.

*11 2, 14
11 3, 1

*11 4, 2
11 4, 9
11 4, 13
*11 4, 20
11 4, 27
11 4, 23

30 21

1811

1413

59

2014

312

415

35 7
35 7
34 10
40 6
28 7
4 1
28 2ο
30 5
34 25
18 15
30 2

13 17
34 7
9 12
22 23

4 3
21 39
10 15
30 2
20 13
30 21
30 5
30 5
28 7
30 2
30 21

1 5
12 17
30 26
29 4
34 7

9 11
32 19
13. 14
:35 13

358
3511

-3510

321
214
399

117
345
187

