 

INDEX LOCORUM.

Phil. xm 19, 44
-— x111 21, 50
- XIV 6, 7
*m Pis. 10, 22
20, 45
-— 26, 62
— 26, 64
—- 29, 70

 

-— 36, 89

— 40, 96

pro Plano. 2, 4

—— 4, 9

—— 5, 12

- 8, 21

— 11, 27

— 18, 44

—-— 30, 73

— 30, 74

— 36, 88

— 36, 89

pro Pomp. (pro leg. Man.) 1, 2

—-— 2, 6

——- 4, 10
*- 6, 14

— 8, 20

—- 9, 24

— 9, 26

——· 10, 28

— 11, 29
³¹⁵—— 14, 40

-—- 14, 41

—— 14, 42

-—— 16, 47

—— 19, 57

— 20, 59

— 23, 67

de prov. cons. 3, 5

pro Quint. 4, 17

--- 7, 28

—— 10, 35

— 21, 68

Post red. 3, 7

pro Rosc. Am. 1, 1

—-— 17, 49

— 22, 60

— 28, 76

— 28, 78

6 27 *pro Rosc. Am. 30, 84

23 2
34 7
23 1
34 12
23 2
32 13
3 21
26 13
34 31
23 2
23 2
32 21
4 2
23 2
9 6
23 2
23 2
19 23
21 1
32 27

361·
232“

10 6
23 2
23 2
23 2
8 30
7 18
10 8
23 2
23 2
23 2
37 18
23 2
23 2
23 2
36 26
23 2
19 1
23 2
12 4
6 15
36 26
32 5
12 15
22 24

—— 32, 89 8 25
— 53, 153

pro Rosc: Com. 10, 28

-—— 15, 44

Cum Sen. grat. 6 15
pro Sest. 2, 5

— 4, 10

——- 5, 13

—— 10, 24

— 24, 54

—— 50, 106

 

50,108
-—- 54, 115
³¹⁵— 57, 122
*— 58, 123
—- 62, 130
pro Sulla 1, 3
5, 16
——— 7, 23
—— 11, 33

 

———— 25, 70 9 6
—— 30, 83
pro Tull. 1, 1
in Vat, 6, 15
Div. in Caec. 1, 1
— 1, 4
—- 7, 9
—— 8, 26
——- 11, 33
*— 13, 41
in Verr. Ι 1, 3, 7
— I 10, 28
*—— I 11, 32
— I 13, 37
-- I 16, 47
— Ι 17, 51
-- II 1, 4, 11
—— II 6, 17
*-— II 9, 25 1911
—- 11 9, 26
—— II 21, 56 22 22
—— ΙΙ 24, 62
-— 11 44, 113
*—— II 46, 121
—— II 48, 126
——- II 2, 5, 13

401

9 6
11 3
23 2

9 26
40 12
23 2
23 2
23 2
34 27
18 23
30 1
23 2
23 2
20 7
40 5
40 5
34 31
23 2
12 14
23 2
21 39
23 2
23 2
23 2

8 3
34 15

8 30

6 2
11 7
18 12

6 22
33 24
23 2
38 6
23 2
30 26
18 1

6 18
22 17
38 6
38 4
23 2

6 2
32 21
23 1

3 17
34 31

