396 ’ INDEX LOCORUM.

 

 

 

 

 

 

 

 

 

 

 

 

 

*Brut. 49, 182 36 14 *Brun 86, 295 ff. , 18 6
³¹⁶—— 49, 185 6 17 —-'- 87, 297 16 1
*—- 55, 201 9 2 33 14 —- 87, 298 33 3
*r— 56, 204 10 ιο 18 15 38 7 ‚q — 88, 302 25 17
——- 56, 205 21 3 *.-·‚..-. 89, 305 34 3 36 ιο
*—- 58, 210 37 11 *--- 89, 306 30 14 f.
*—- 58, 211 28 12. 14. 21 *—- 90, 309 410 2517 3015 31 22
* 59, 213 f. 37 11 * 90, 310 31 2
*—- 59, 216 37 11 —- 90, 312 9 15
—- 61, 219 6 25 *- 91, 315 30 18
*—- 62, 222 37 11 *--— 91, 316 18 19
* 62, 225 26 11 ³⁸⁶— 92, 317 11 1 34 33
—— 64, 229 36 17 — 92, 318 22 10 26 3
*-—- 65, 231 26 30 — 93, 320 6 12
—-— 65, 232 30 13 *—-— 93, 322 22 12 30 21
* 66, 233 28 23 32 5 37 10 ³*— 94, 324 38 6
*——- 66, 234 37 11 -—- 96, 330 12 7
*—— 66, 235 37 11 Orat. 1, 4 18 3
—- 67, 236 6 3 3, 9 3419
*—— 67, 237 2 15 — 3, 12 32 27 ·
*-- 68, 239 21 21 37 9 *-— 4, 14 30 21
,ἥρ- 69, 242 21 3 *-— 4, 15 32 26
69, 244 21 31 ³⁸—- 5, 17 30 21
*——- 70, 247 37 11 *—- 5, 18 1 5 25 10
*-—- 72, 252 25 17 -—- 5, 20 18 4 33 24
——- 72, 253 21 21 32 13 - 6, 20 18 4
*—- 74, 259 23 9 7, 23 4 10
*-—- 75, 261 2517 *-— 7, 26 12 23
* 75, 262 26 3. 5 -— 9, 29 31 10
——— 76, 263 33 24 - 9, 30 1 6
*-— 77, 267 3 2ο *—— 9, 32 31 23
³⁸⁶— 77, 268 3711 -— 11, 36 18 3
*--— 78, 271 “ 39 2ο - 13, 42 28 12
*—-— 79, 273 18 6 *—— 14, 46 31 27
-- 79, 275 21 11 *—-— 15, 48 6 26
—- 80, 278 21 2 *-—- 17, 56 ff. 25 10 2611
’ —— 80, 279 31 2ο *-— 18, 57 · 26 11
*—- 81, 280 37 11 —— 19, 61 26 7
*-— 82, 283 18 6. 23 23 10 *—- 19, 62 31 23
* 82, 284 12 23 18 6 —- 19, 64 12 7 14 12
—. 82, 285 23 14 — 23, 75 35 17
—- 83, 287 26 34 *-— 23, 77 21 17
* 84, 288 18 11 *—- 23, 78 26 3
* 84, 289 23 12 39 21 —- 24, 79 f. 22 19
* 84. 290 20 11 * 25, 83 22 13
85, 293 21 2 —— 26, 87 29 s

 

85, 294 18 4 *- 26, 88 · 22 25

 

