406

Sat.11‚64
——12,108
--Ι3,28
——13,76
*-—14,120
——15,9
—16,56
—19,27
—110,1
—111,16
——111,34
-11 3,121
—113,126
-113,251
—114,57
—115,24

*-— 11 5, 28 ff.

- 11 6, 47
— 11 6, 73
11 6, 116

 

Epist. 1 1,106
*—I2,41f.
‘*—15,31
——16,1f.
-17‚65
-110,37
—112,7
—113,5
>—-114‚27
—117,35
-111,9

—111,10ff.

—11 1, 22
-11 1, 23
—11 1, 26

—11 1, 35 ff.

ΙΙ 1, 56

 

*- 11 1, 64 ff.

-- 11 1, 66
*— 11 1, 82

*— 11 1, 93 ff.

-- 11 1, 143
— 11 1, 180
— 11 1, 183
* 11 2, 77
*—- 11 2, 79
— 11 2, 116

 

INDEX LOCORUM.

5 11
18 2
15 12

5 11

7 14
20 3

6 17
41 2ο
26 19

5 22
18 8
21 4

’ 20 10
35 7

5 11

9 2ο

6 6

6 2
35 7
41 2ο

8 3

9 2ο
12 3
34 31

7 16

6 27
18 12

3 2ο
11 12
28 23
41 6
23 26
23 10
37 6

9 9
16 16
18 8
23 7
21 33
20 11
10 22

9 28
10 21

8 3

9 31
12 2

20 18 21 21

Α. Ρ. 79
*--— 101

— 104 f.
* 298

 

, 307

 

'⁰‘ 317

 

³¹⁵— 324
*—- 348
³⁸⁵-— 372 f.
*—— 391
—— 400
— 440

Hyginus
*[Astron.] II 23b
*Fab. 88

Iambliehus
*Protrepticus 8

Isocrates

Arch. 3
Paneg. 7 40

Iustinus

I 2, 4

I 7, 3

IV 3, 6

V 7, 12
VII 5, 1

IX 2, 16
XII 6, 7
XV 4 ext.
XXIII 3, 12
XXVI 12, 2
XXVII 1, 1
XXXI 3, 10

Iustin martyr
Cohort. 12

Iuvenalis
I 79

II 102
*11 129
*III 75 ff.
III 78
III 121
III 221
*IV 86

·710

10 16
6 17
21 2
9 31
33 7
21 1
10 1
9 2ο
10 3
12 15
9 9
20 13

16 24

37 27
8 12

11 8
8 27
11 8
28 13
11 8
39 6
28 13
37 33
5 24
11 8
11 8
28 13

16 24

1010
6 22
6 6

29 3
3 21

18 16

22 17
8 16

 

