 

*IV 92
*V 46
V 119
*V 137 Α
*VI 1 ff.
VI 21
VI 185
VI 439
VI 634
*VII 16 ff.
VII 21
*VII 38 ff.
*VII 58
*VII 80
VII 113
VII 136
VII 141
*VII 145
*VII 150 ff.
*VII 175
*VII 185
*VII 203 ff.
VII 206
*VII 215 ff.
*VIII 47 ff.
*VIII 87 ff.
X 9
*X 56 ff.
*X 81
*X 118
*X 124
X 128
*XII 99
XII 100
*XIII 38 ff.
XIV 3
*XIV 31 ff.
*XIV 47
XIV 228
XV 29
XV 33

Lactantius

Inst. V 15, 8
— VII 1, 11
de opif. I 2
-- XI 1

INDEX LOCORUM.

21 26

81
1110
1112

66
1211
151

321

16
1014

925

926

917

931

56

16

16

613

815
3518
1025

293 ,
358 ,

13 21
29 3
6 17
41 6
24 2
40 3
29 11
40 26
37 27
24 2
6 6
32 7
12 11
28 6
28 6
28 18
28 23
10 14
15 1

35 22
19 15

9 15
31 2

Lampridius
Alex. Sev. 27

*Laus Pisonis 64

Libanius
Orat. p. 199
*--— p. 200
— p. 798 ff.
— p. 921 ff.
Deol. 43

Livius
Praei. 3
13
I 6, 4
Ι 7, 6
I 16, 4
I 17, 9
I 19, 4
*I 21, 3 ,
I 23, 1
I 31, 5
I 34, 6
Ι 53, 6
II 3, 3-
II 10, 11
II 18, 2
*II 32, 8
II 43, 10
II 49
II 60, 3

 

111 8, 1
111 14, 6
111 19, 4
111 37, 7
111 54, 9
111 65, 1
111 71, 3
*IV 6, 1
1V 43, 10
V 3, 4

V 24, 6
V 28, 10
V 40, 3
V 54, 5
*VI 2, 9
V1 14, 11

407

39 3
16 19

15 16
29 14
35 18
35 18
35 19

40 21
11 8
42 6
13 22
37 37
34 35
19 9
13 19
28 10
41 11
34 21
4 3
4 3
35 12
26 2ο
17 1
26 5
28 8
40 9
41 11
10 5
34 24
818
11 8
510
615
34 5
5 26
10 2
5 6
10 2ο
28 10
611 33 17
7 18 8 12
36 26

