 

*de orat. III 4, 16

*—- 111 6, 23
*—- 111 7, 25 ff.
*-— 111 8, 28
-- 111 8, 29
41- 111 9, 34
-— 111 9, 36
— 111 10, 25
*—- 111 10, 39
-- 111 14, 51
³*— 111 14, 53
— 111 14, 54
*-- 111 18, 65
— 111 18, 66
-— 111 19, 70
-- 111 19, 72

*-- 111 20, 74
*—- 111 20, 76
*— 111 22, 84
ἰε- 111 23, 86
³⁸—— 111 24, 91
*-- 111 24, 93 ff.
— 111 25, 96
-— 111 25, 99
8- 111 26, 101
- 111 27, 106 f.
³¹⁶—- 111 29, 115
*--- 111 30, 121
—- 111 31, 124
-— 111 32, 126
*— 111 35, 142
*- 111 37, 148
*-- 111 37, 150
*—- 111 41, 165
-- 111 47, 182
-— 111 48, 185
111 49, 187
³⁸⁵— 111 50, 192
— 111 52, 200

 

ἦ
*-

111 52, 201

111 54, 206 ff.
-— 111 55, 212

111- 111 56, 214
-— 111 57, 216

 

 

—- III 58, 305
*Brut. 2, 6
*— 2, 8

INDEX LOCORUM.

 

 

 

 

 

 

 

 

 

 

 

 

 

 

 

 

 

1 18. 21 Brut. 2, 9
32 28 *-—- 5, 21
18 15 —— 7, 27
18 3 —- 8, 32
15 12 —-— 8, 33
18 8. 13 * 9, 36
38 7 — 9, 38
13 19 *—- 10, 39
18 6 22 23 *-—- 10, 41
18 4 21 39 32 5 *—- 11, 42
5 23 30 27 ³¹⁶— 12, 45
30 4. 21 31 6 * 13, 50
35 22 13, 51
18 23 —- 15, 58
39 6 *—— 15, 61 ff
10 18 30 18 *—— 16, 61
34 32 * 17, 67
30 21 * 17, 68
30 26 32 11 * 18, 69
32 2 * 21, 82
19 12 *— 21,’83
35 4 · ³¹⁶—— 24, 93
18 10 *-- 24, 94
34 12 25, 96
9 24 *—— 26, 98
, 19 16 *— 26, 101
. 31 25 * 27, 103
20 13 31 3. 9 *—-—— 27, 104
39 6 *—- 27, 105
32 19 28, 107
26 4 — 30, 114
28 2 ——— 31, 117
22 5. 22 * 31, 120
5 23 * 31, 121
10 14 *- 32, 122
18 4 * 33, 125
32 34 — 33, 126
22 25 * 30, 132
21 11 * 38, 143 ff
22 13 -- 39, 144
4 10 *— 40, 149
13 24 —-- 42, 156
26 2 43, 158
1 2 *——- 43, 159
18 25 * 43, 161
39 14 —— 46, 170
22 8 —— 48, 178

395

1 14
21 26
25 33
34 10
22 24
18 23
15 13
18 8
16 17

3 21
40 12
40 13
23 14
32 27
18 6

18 8. 18
21 16
21 4
25 33
34 35
25 30
36 1
31 24

8 15
18 3

5 2 30 14

18 3 34 32

28 21

34 15

18 4

31 24

18 4

31 24

32 26

37 11

18 8

14 18

31 28

18 10

33 21

21 21

23 26

18 10. 11
34 5. 32
34 33
20 6
21 26 39 22

16 17

37 28

18 6

1710 18 6.8
18 6

18 3 2118
184

117

25 30

183

21 21
25 17 31 28
16 8

