416

*11 4, 41
11 5, 18
11 5, 19

*11 5, 21
11 5, 22
11 8, 3
11 8, 11

*11 8, 14

*11 9, 1
11 9, 2

*11 10, 3

*11 10, 4
11 16, 7
*11 10, 9
*11 10, 12
11 12, 2
11 12, 7
*11 12, 9
11 13, 9
11 14, 2
*11 15, 1
*11 16, 1 ff.

’*11 16, 4
*11 17, 28
11 17, 40
11 17, 43
11 20, 6
*11 21, 1
11 21, 18
11 21, 20
*111 1, 1
*111 1, 17
*111 1, 18
*111 1, 19
*111 1, 21
111 3, 13
111 4, 1-16
*111 4, 16
*111 5, 1
111 ·6‚ 18
111 6, 45
111 6, 68
111 7, 3

*111 8, 1
111 8, 4
111 8, 42
111 8, 47

INDEX LOCORUM.

2022

347

30 27

815 1412

23 26

14 16 III 8, 48
14 18 III 8, 58
8 3 III 8, 60
21 19 III 9, 2
26 8 7111 9, 4
5 1ο *111 11, 21
38 7 Ι ΙΙΙ 18, 1
10 22 Ι 117 prooem. 6
35 8 *IV 1, 1
23 16 *117 1, 8
35 17 IV 1, 9
14 16 1 117 1, 11
14 16 IV 1, 14
35 22 *117 1, 42
35 17 IV 1, 58
26 20 IV 1, 59
8 11 *117 1, 62
35 18 *117 1, 72
35 12 *117 1, 76
31 12 *IV 2, 1
32 22 *117 2, 5
40 12 *117 2, 26
40 13 117 2, 27
41 15 *IV 2, 28
9 29 *117 2, 29
1 7 *IV 2, 31
33 14 *117 2, 37
30 21 *117 2, 39
31 7 IV 2, 62
31 6 *117 2, 68
19 14 117 2, 92
19 14 Ι17 2, 97
19 14 117 2, 118
18 11 117 3, 2
26 4 117 3, 8
35 7 IV 3, 12
31 7 *117 3, 13
31 9 *IV 3, 14 f.
33 19 *IV 3, 25
10 21 117 5, 6
31 12 *117 5, 10
11 15 *117 5, 24
37 28 IV 7, 36
31 9 V prooem. 5
39 10 V 1, 1
14 3 V 7, 1-37
41 13 *17 7, 7

 

40 ιο
14 1
14 1 24 2 31 24
31 24
22 12
15 12 19 14 f.
31 9
35 17
19 11
20 1
28 12
38 15
35 22
19 11
22 22
40 1ο
19 11
19 11. 27
19 11

35 18 39 14
35 18
’ 36 11
35 19
14 23
14 23,
6 24
31 28
10 24
20 7
19 27
19 27
19 12
28 12
19 27 26 19
19 14

 

