, ινημκ-σ-υ-η-,ιι- w· 22·-

 

*Χ 1, 125 ff.

Χ 1, 125
*Χ 1, 130
Χ 2, 3
Χ 2, 6
Χ 2, 7
*Χ 2, 11
Χ 2, 12
Χ 2, 13
*Χ 2, 17
*Χ 2, 13
Χ 2, 21
Χ 2, 24
*Χ 2, 25
Χ 2, 26
Χ 2, 23
*Χ 3, 5
*Χ 3, 12

*Χ 3, 22-33

Χ3,25
Χ3,30
Χ4,4
Χ5,1
Χ5,3
Χ5,4
*Χ5,7
Χ5,12
*Χ5,14
*Χ5,13

* κκκκκκ
35θθεθθθθθρ
ωὲἓέΞΞΞΞέ“’“ΗΦ

ΑᾺΝᾺᾺ

μ

Α 9

XI 1, 10
XI 1, 15
*ΧΙ 1, 24
XI 1, 29
*ΧΙ 1, 30

INDEX LOCORUM.

20 22
32 17
3 5
6 10
29 3
18 6

3419 35 17
26 17 30 26

96

18424 2133 2211

22 21

23 2. 4
10 13
22 21
18 6
20 12

6 10
22 6
39 9
12 5
32 5

6 20

’ 1823

35 15
30 2
14 12
18 15
19 16
35 17
35 22
34 3
28 7
6 22. 25
26 29
39 9
10 20
10 20
13 17
40 9
2 3
24 2
23 10
37 6
16 27
23 1ο
21 23
26 20
26 13

*XI 1, 31
ΧΙ 1, 32
*XI 1, 36
XI 1, 41
XI 1, 44
XI 1, 45
XI 1, 48
*XI 1, 49
*XI 1, 57
XI 1, 59
ΧΙ 1, 61
XI 1, 81
XI 1, 115
XI 2, 6
XI 2, 43
XI 3, 2
*XI 3, 8
XI 3, 11
XI 3, 35
*XI 3, 57
*XI 3, 58
XI 3, 131
XI 3, 132
*XI 3, 133
XI 3, 156
*XI 3, 181
*XI 3, 184
*XII prooem. 3
*XII 1 ff.
*XII 1, 6
*XII 1, 7
XII 1, 11
XII 1, 14
*XII 1, 22
XII 1, 25
XII 1, 30
XII 1, 32
XII 1, 33
XII 1, 40
*XII 2, 1 ff.
XII 2, 5
*XII 2, 6
*XII 2, 8
*XII 2, 10
*XII 2, 22
*XII 2, 23
*XII 2, 25

18 23

10 14

26 13

32 16

419

18 11
21 33
37 9
12 3
13 13
17 27
20 7
22 7
26 13
32 27
9 6
12 3
18 6
5 9
1 14
3 12
18 11
26 31
18 10
26 11
6 17
39 4
34 24
34 24
6 15
26 11
35 13
19 19
30 27
29 11
29 11
30 26
12 13
18 21
1 6
6 24
8 9
30 26
35 7
30 21
26 19
28 3
34 10
30 16
32 26
32 27
24 10

